Insering irred poly (node-ID)
From h1 to h2 ====
S=  [[1, 0, 0, 0, 0, 0, 0, 0, 0, 0, 0, 1, 0, 1, 1, 0, 1], [1, 0, 0, 0, 0, 0, 0, 0, 0, 0, 0, 1, 0, 1, 0, 1, 1]]
O=  [[1, 0, 0, 0], [0, 0, 0, 1]]
Len:  32
Poly (list):  [1, 0, 0, 0, 0, 0, 0, 0, 0, 0, 0, 0, 0, 0, 0, 0, 1, 0, 0, 0, 0, 0, 1, 0, 0, 0, 1, 1, 0, 1, 1, 0]
Poly (int):  2147516982
Poly (bin):  0b10000000000000001000001000110110
Poly (hex):  0x80008236
From h2 to h1 ====
S=  [[1, 0, 0, 0, 0, 0, 0, 0, 0, 0, 0, 1, 0, 1, 1, 0, 1], [1, 0, 0, 0, 0, 0, 0, 0, 0, 0, 0, 1, 0, 1, 0, 1, 1]]
O=  [[0, 0, 0, 1], [0, 0, 1, 0]]
Len:  32
Poly (list):  [1, 0, 0, 0, 0, 0, 0, 0, 0, 0, 0, 0, 0, 0, 1, 1, 1, 0, 0, 0, 0, 0, 1, 0, 0, 1, 0, 0, 1, 0, 0, 0]
Poly (int):  2147713608
Poly (bin):  0b10000000000000111000001001001000
Poly (hex):  0x80038248
